#Step   Etot   PotE Ktot  T
0 -1.836256 -2.635686  0.799430 0.80
1 -1.836256 -2.633974  0.797718 0.80
2 -1.836258 -2.631113  0.794855 0.79
3 -1.836259 -2.627092  0.790833 0.79
4 -1.836261 -2.621897  0.785636 0.79
5 -1.836263 -2.615513  0.779249 0.78
6 -1.836266 -2.607921  0.771655 0.77
7 -1.836268 -2.599104  0.762836 0.76
8 -1.836270 -2.589048  0.752778 0.75
9 -1.836272 -2.577742  0.741470 0.74
10 -1.836274 -2.565183  0.728909 0.73
11 -1.836274 -2.551379  0.715105 0.72
12 -1.836274 -2.536352  0.700079 0.70
13 -1.836272 -2.520147  0.683875 0.68
14 -1.836263 -2.502822  0.666560 0.67
15 -1.836257 -2.484485  0.648228 0.65
16 -1.836248 -2.465257  0.629009 0.63
17 -1.836238 -2.445302  0.609065 0.61
18 -1.836224 -2.424821  0.588596 0.59
19 -1.836209 -2.404048  0.567839 0.57
20 -1.836192 -2.383250  0.547058 0.55
21 -1.836174 -2.362717  0.526543 0.53
22 -1.836161 -2.342754  0.506593 0.51
23 -1.836147 -2.323652  0.487506 0.49
24 -1.836134 -2.305696  0.469562 0.47
25 -1.836119 -2.289131  0.453012 0.45
26 -1.836107 -2.274169  0.438062 0.44
27 -1.836098 -2.260966  0.424868 0.42
28 -1.836093 -2.249621  0.413528 0.41
29 -1.836094 -2.240179  0.404086 0.40
30 -1.836097 -2.232628  0.396531 0.40
31 -1.836104 -2.226910  0.390807 0.39
32 -1.836114 -2.222930  0.386816 0.39
33 -1.836124 -2.220553  0.384429 0.38
34 -1.836134 -2.219626  0.383492 0.38
35 -1.836145 -2.219978  0.383833 0.38
36 -1.836146 -2.221415  0.385269 0.39
37 -1.836153 -2.223765  0.387612 0.39
38 -1.836164 -2.226838  0.390674 0.39
39 -1.836172 -2.230441  0.394269 0.39
40 -1.836184 -2.234408  0.398224 0.40
41 -1.836201 -2.238574  0.402373 0.40
42 -1.836203 -2.242773  0.406569 0.41
43 -1.836212 -2.246895  0.410683 0.41
44 -1.836217 -2.250824  0.414606 0.41
45 -1.836221 -2.254475  0.418255 0.42
46 -1.836215 -2.257784  0.421569 0.42
47 -1.836215 -2.260731  0.424516 0.42
48 -1.836214 -2.263303  0.427089 0.43
49 -1.836213 -2.265520  0.429306 0.43
50 -1.836209 -2.267418  0.431208 0.43
51 -1.836200 -2.269052  0.432853 0.43
52 -1.836187 -2.270496  0.434309 0.43
53 -1.836185 -2.271834  0.435649 0.44
54 -1.836176 -2.273119  0.436943 0.44
55 -1.836171 -2.274417  0.438246 0.44
56 -1.836173 -2.275768  0.439595 0.44
57 -1.836163 -2.277167  0.441004 0.44
58 -1.836163 -2.278623  0.442460 0.44
59 -1.836161 -2.280090  0.443929 0.44
60 -1.836166 -2.281520  0.445354 0.45
61 -1.836170 -2.282840  0.446670 0.45
62 -1.836170 -2.283972  0.447802 0.45
63 -1.836177 -2.284855  0.448678 0.45
64 -1.836180 -2.285417  0.449237 0.45
65 -1.836182 -2.285609  0.449427 0.45
66 -1.836181 -2.285395  0.449214 0.45
67 -1.836175 -2.284758  0.448583 0.45
68 -1.836177 -2.283713  0.447536 0.45
69 -1.836177 -2.282270  0.446093 0.45
70 -1.836172 -2.280463  0.444292 0.44
71 -1.836168 -2.278353  0.442186 0.44
72 -1.836163 -2.276004  0.439841 0.44
73 -1.836158 -2.273493  0.437336 0.44
74 -1.836155 -2.270912  0.434758 0.43
75 -1.836146 -2.268348  0.432202 0.43
76 -1.836138 -2.265906  0.429769 0.43
77 -1.836129 -2.263688  0.427559 0.43
78 -1.836126 -2.261800  0.425675 0.43
79 -1.836120 -2.260332  0.424211 0.42
80 -1.836116 -2.259375  0.423259 0.42
81 -1.836109 -2.259007  0.422898 0.42
82 -1.836101 -2.259294  0.423194 0.42
83 -1.836101 -2.260300  0.424199 0.42
84 -1.836098 -2.262045  0.425947 0.43
85 -1.836093 -2.264549  0.428455 0.43
86 -1.836095 -2.267813  0.431718 0.43
87 -1.836095 -2.271804  0.435709 0.44
88 -1.836094 -2.276475  0.440381 0.44
89 -1.836099 -2.281765  0.445666 0.45
90 -1.836108 -2.287588  0.451480 0.45
91 -1.836115 -2.293834  0.457720 0.46
92 -1.836117 -2.300390  0.464273 0.46
93 -1.836124 -2.307142  0.471017 0.47
94 -1.836132 -2.313961  0.477829 0.48
95 -1.836144 -2.320726  0.484582 0.48
96 -1.836153 -2.327309  0.491156 0.49
97 -1.836154 -2.333590  0.497436 0.50
98 -1.836160 -2.339479  0.503319 0.50
99 -1.836157 -2.344868  0.508711 0.51
100 -1.836155 -2.349688  0.513533 0.51
101 -1.836155 -2.353872  0.517717 0.52
102 -1.836155 -2.357365  0.521210 0.52
103 -1.836154 -2.360127  0.523973 0.52
104 -1.836154 -2.362134  0.525979 0.53
105 -1.836152 -2.363369  0.527217 0.53
106 -1.836151 -2.363836  0.527685 0.53
107 -1.836150 -2.363545  0.527395 0.53
108 -1.836142 -2.362514  0.526371 0.53
109 -1.836140 -2.360788  0.524648 0.52
110 -1.836142 -2.358413  0.522271 0.52
111 -1.836133 -2.355431  0.519299 0.52
112 -1.836126 -2.351923  0.515797 0.52
113 -1.836116 -2.347961  0.511845 0.51
114 -1.836116 -2.343647  0.507531 0.51
115 -1.836107 -2.339058  0.502951 0.50
116 -1.836101 -2.334311  0.498210 0.50
117 -1.836089 -2.329506  0.493416 0.49
118 -1.836080 -2.324764  0.488684 0.49
119 -1.836079 -2.320204  0.484125 0.48
120 -1.836078 -2.315929  0.479851 0.48
121 -1.836070 -2.312037  0.475967 0.48
122 -1.836070 -2.308642  0.472571 0.47
123 -1.836061 -2.305812  0.469751 0.47
124 -1.836055 -2.303635  0.467580 0.47
125 -1.836053 -2.302172  0.466120 0.47
126 -1.836051 -2.301464  0.465413 0.47
127 -1.836041 -2.301525  0.465484 0.47
128 -1.836042 -2.302377  0.466335 0.47
129 -1.836045 -2.303991  0.467946 0.47
130 -1.836049 -2.306321  0.470272 0.47
131 -1.836055 -2.309299  0.473244 0.47
132 -1.836059 -2.312830  0.476771 0.48
133 -1.836064 -2.316808  0.480744 0.48
134 -1.836069 -2.321111  0.485042 0.49
135 -1.836074 -2.325613  0.489539 0.49
136 -1.836081 -2.330193  0.494112 0.49
137 -1.836081 -2.334727  0.498645 0.50
138 -1.836084 -2.339120  0.503036 0.50
139 -1.836085 -2.343282  0.507197 0.51
140 -1.836080 -2.347138  0.511058 0.51
141 -1.836085 -2.350647  0.514562 0.51
142 -1.836081 -2.353748  0.517666 0.52
143 -1.836083 -2.356421  0.520339 0.52
144 -1.836084 -2.358638  0.522554 0.52
145 -1.836080 -2.360375  0.524295 0.52
146 -1.836085 -2.361634  0.525549 0.53
147 -1.836083 -2.362392  0.526309 0.53
148 -1.836080 -2.362658  0.526578 0.53
149 -1.836073 -2.362447  0.526374 0.53
150 -1.836073 -2.361801  0.525728 0.53
151 -1.836077 -2.360771  0.524694 0.52
152 -1.836071 -2.359423  0.523353 0.52
153 -1.836058 -2.357864  0.521806 0.52
154 -1.836052 -2.356232  0.520180 0.52
155 -1.836045 -2.354662  0.518617 0.52
156 -1.836034 -2.353295  0.517261 0.52
157 -1.836032 -2.352281  0.516249 0.52
158 -1.836022 -2.351715  0.515692 0.52
159 -1.836023 -2.351691  0.515668 0.52
160 -1.836019 -2.352226  0.516207 0.52
161 -1.836017 -2.353312  0.517295 0.52
162 -1.836017 -2.354892  0.518875 0.52
163 -1.836027 -2.356886  0.520859 0.52
164 -1.836031 -2.359171  0.523140 0.52
165 -1.836027 -2.361632  0.525604 0.53
166 -1.836030 -2.364173  0.528143 0.53
167 -1.836032 -2.366692  0.530661 0.53
168 -1.836032 -2.369109  0.533077 0.53
169 -1.836032 -2.371362  0.535330 0.54
170 -1.836028 -2.373402  0.537374 0.54
171 -1.836032 -2.375209  0.539177 0.54
172 -1.836029 -2.376746  0.540716 0.54
173 -1.836030 -2.378006  0.541976 0.54
174 -1.836027 -2.378972  0.542945 0.54
175 -1.836028 -2.379643  0.543616 0.54
176 -1.836025 -2.380009  0.543983 0.54
177 -1.836023 -2.380069  0.544047 0.54
178 -1.836014 -2.379825  0.543811 0.54
179 -1.836008 -2.379295  0.543287 0.54
180 -1.836006 -2.378505  0.542499 0.54
181 -1.836011 -2.377493  0.541482 0.54
182 -1.836005 -2.376292  0.540288 0.54
183 -1.835997 -2.374980  0.538983 0.54
184 -1.835983 -2.373635  0.537652 0.54
185 -1.835982 -2.372371  0.536389 0.54
186 -1.835981 -2.371279  0.535298 0.54
187 -1.835964 -2.370449  0.534485 0.53
188 -1.835967 -2.370011  0.534045 0.53
189 -1.835960 -2.370018  0.534057 0.53
190 -1.835956 -2.370534  0.534577 0.53
191 -1.835954 -2.371583  0.535629 0.54
192 -1.835952 -2.373154  0.537202 0.54
193 -1.835956 -2.375212  0.539257 0.54
194 -1.835966 -2.377689  0.541723 0.54
195 -1.835965 -2.380477  0.544512 0.54
196 -1.835966 -2.383489  0.547523 0.55
197 -1.835972 -2.386623  0.550651 0.55
198 -1.835978 -2.389771  0.553793 0.55
199 -1.835983 -2.392838  0.556855 0.56
200 -1.835982 -2.395735  0.559753 0.56
201 -1.835980 -2.398398  0.562418 0.56
202 -1.835980 -2.400771  0.564791 0.56
203 -1.835979 -2.402807  0.566828 0.57
204 -1.835978 -2.404474  0.568495 0.57
205 -1.835979 -2.405750  0.569771 0.57
206 -1.835977 -2.406618  0.570641 0.57
207 -1.835969 -2.407072  0.571103 0.57
208 -1.835963 -2.407123  0.571159 0.57
209 -1.835965 -2.406787  0.570823 0.57
210 -1.835964 -2.406075  0.570111 0.57
211 -1.835962 -2.405012  0.569050 0.57
212 -1.835958 -2.403626  0.567668 0.57
213 -1.835959 -2.401960  0.566002 0.57
214 -1.835951 -2.400040  0.564088 0.56
215 -1.835944 -2.397913  0.561969 0.56
216 -1.835939 -2.395628  0.559689 0.56
217 -1.835932 -2.393225  0.557293 0.56
218 -1.835924 -2.390756  0.554832 0.55
219 -1.835921 -2.388280  0.552359 0.55
220 -1.835915 -2.385847  0.549932 0.55
221 -1.835914 -2.383527  0.547613 0.55
222 -1.835912 -2.381385  0.545473 0.55
223 -1.835912 -2.379499  0.543587 0.54
224 -1.835908 -2.377941  0.542033 0.54
225 -1.835898 -2.376791  0.540894 0.54
226 -1.835891 -2.376135  0.540243 0.54
227 -1.835883 -2.376032  0.540149 0.54
228 -1.835881 -2.376542  0.540661 0.54
229 -1.835881 -2.377687  0.541807 0.54
230 -1.835885 -2.379472  0.543587 0.54
231 -1.835886 -2.381860  0.545974 0.55
232 -1.835893 -2.384806  0.548913 0.55
233 -1.835894 -2.388220  0.552326 0.55
234 -1.835903 -2.392018  0.556116 0.56
235 -1.835912 -2.396089  0.560177 0.56
236 -1.835918 -2.400320  0.564403 0.56
237 -1.835926 -2.404614  0.568689 0.57
238 -1.835935 -2.408877  0.572942 0.57
239 -1.835936 -2.413019  0.577083 0.58
240 -1.835931 -2.416977  0.581046 0.58
241 -1.835930 -2.420713  0.584783 0.58
242 -1.835933 -2.424191  0.588259 0.59
243 -1.835925 -2.427375  0.591450 0.59
244 -1.835922 -2.430270  0.594348 0.59
245 -1.835926 -2.432877  0.596951 0.60
246 -1.835927 -2.435191  0.599264 0.60
247 -1.835921 -2.437221  0.601300 0.60
248 -1.835921 -2.438997  0.603076 0.60
249 -1.835920 -2.440530  0.604611 0.60
250 -1.835918 -2.441845  0.605927 0.61
251 -1.835916 -2.442964  0.607048 0.61
252 -1.835914 -2.443912  0.607998 0.61
253 -1.835912 -2.444714  0.608802 0.61
254 -1.835913 -2.445396  0.609483 0.61
255 -1.835914 -2.445978  0.610064 0.61
256 -1.835913 -2.446479  0.610565 0.61
257 -1.835909 -2.446916  0.611006 0.61
258 -1.835909 -2.447310  0.611401 0.61
259 -1.835906 -2.447667  0.611761 0.61
260 -1.835911 -2.448003  0.612092 0.61
261 -1.835916 -2.448311  0.612395 0.61
262 -1.835914 -2.448578  0.612664 0.61
263 -1.835916 -2.448802  0.612886 0.61
264 -1.835912 -2.448955  0.613043 0.61
265 -1.835917 -2.449025  0.613108 0.61
266 -1.835917 -2.448967  0.613050 0.61
267 -1.835922 -2.448754  0.612832 0.61
268 -1.835928 -2.448340  0.612412 0.61
269 -1.835926 -2.447673  0.611748 0.61
270 -1.835931 -2.446727  0.610796 0.61
271 -1.835936 -2.445452  0.609516 0.61
272 -1.835933 -2.443804  0.607871 0.61
273 -1.835938 -2.441769  0.605832 0.61
274 -1.835936 -2.439313  0.603377 0.60
275 -1.835931 -2.436426  0.600495 0.60
276 -1.835928 -2.433116  0.597188 0.60
277 -1.835925 -2.429393  0.593469 0.59
278 -1.835920 -2.425284  0.589364 0.59
279 -1.835909 -2.420822  0.584912 0.58
280 -1.835906 -2.416072  0.580166 0.58
281 -1.835896 -2.411085  0.575189 0.58
282 -1.835894 -2.405948  0.570054 0.57
283 -1.835886 -2.400731  0.564845 0.56
284 -1.835873 -2.395524  0.559651 0.56
285 -1.835870 -2.390438  0.554569 0.55
286 -1.835864 -2.385559  0.549695 0.55
287 -1.835858 -2.380988  0.545130 0.55
288 -1.835855 -2.376826  0.540971 0.54
289 -1.835850 -2.373161  0.537311 0.54
290 -1.835845 -2.370081  0.534235 0.53
291 -1.835847 -2.367666  0.531819 0.53
292 -1.835847 -2.365971  0.530124 0.53
293 -1.835843 -2.365037  0.529194 0.53
294 -1.835840 -2.364895  0.529055 0.53
295 -1.835836 -2.365549  0.529712 0.53
296 -1.835839 -2.366987  0.531148 0.53
297 -1.835843 -2.369165  0.533322 0.53
298 -1.835857 -2.372029  0.536173 0.54
299 -1.835863 -2.375482  0.539619 0.54
300 -1.835873 -2.379435  0.543562 0.54
301 -1.835884 -2.383770  0.547886 0.55
302 -1.835890 -2.388357  0.552467 0.55
303 -1.835900 -2.393068  0.557169 0.56
304 -1.835912 -2.397763  0.561852 0.56
305 -1.835924 -2.402296  0.566372 0.57
306 -1.835935 -2.406524  0.570588 0.57
307 -1.835949 -2.410311  0.574361 0.57
308 -1.835950 -2.413510  0.577559 0.58
309 -1.835958 -2.416018  0.580061 0.58
310 -1.835967 -2.417724  0.581757 0.58
311 -1.835980 -2.418537  0.582557 0.58
312 -1.835992 -2.418385  0.582393 0.58
313 -1.835996 -2.417219  0.581223 0.58
314 -1.835996 -2.415031  0.579035 0.58
315 -1.836001 -2.411856  0.575855 0.58
316 -1.835990 -2.407739  0.571749 0.57
317 -1.835982 -2.402806  0.566824 0.57
318 -1.835970 -2.397205  0.561234 0.56
319 -1.835959 -2.391133  0.555174 0.56
320 -1.835941 -2.384816  0.548875 0.55
321 -1.835924 -2.378522  0.542597 0.54
322 -1.835905 -2.372518  0.536613 0.54
323 -1.835895 -2.367084  0.531189 0.53
324 -1.835883 -2.362454  0.526571 0.53
325 -1.835877 -2.358839  0.522962 0.52
326 -1.835869 -2.356377  0.520507 0.52
327 -1.835872 -2.355157  0.519286 0.52
328 -1.835870 -2.355177  0.519307 0.52
329 -1.835877 -2.356396  0.520519 0.52
330 -1.835886 -2.358701  0.522815 0.52
331 -1.835892 -2.361943  0.526051 0.53
332 -1.835913 -2.365974  0.530061 0.53
333 -1.835915 -2.370586  0.534671 0.53
334 -1.835924 -2.375637  0.539713 0.54
335 -1.835930 -2.380958  0.545029 0.55
336 -1.835944 -2.386423  0.550480 0.55
337 -1.835949 -2.391893  0.555944 0.56
338 -1.835951 -2.397270  0.561319 0.56
339 -1.835955 -2.402470  0.566515 0.57
340 -1.835958 -2.407415  0.571457 0.57
341 -1.835961 -2.412037  0.576076 0.58
342 -1.835959 -2.416268  0.580310 0.58
343 -1.835964 -2.420065  0.584102 0.58
344 -1.835964 -2.423363  0.587399 0.59
345 -1.835973 -2.426127  0.590154 0.59
346 -1.835975 -2.428299  0.592324 0.59
347 -1.835978 -2.429857  0.593879 0.59
348 -1.835979 -2.430775  0.594797 0.59
349 -1.835975 -2.431049  0.595074 0.60
350 -1.835978 -2.430700  0.594722 0.59
351 -1.835974 -2.429746  0.593772 0.59
352 -1.835972 -2.428247  0.592274 0.59
353 -1.835969 -2.426267  0.590298 0.59
354 -1.835963 -2.423893  0.587930 0.59
355 -1.835958 -2.421227  0.585269 0.59
356 -1.835954 -2.418376  0.582422 0.58
357 -1.835944 -2.415445  0.579501 0.58
358 -1.835930 -2.412541  0.576611 0.58
359 -1.835917 -2.409768  0.573851 0.57
360 -1.835918 -2.407220  0.571302 0.57
361 -1.835915 -2.404943  0.569028 0.57
362 -1.835909 -2.402978  0.567069 0.57
363 -1.835904 -2.401349  0.565445 0.57
364 -1.835908 -2.400060  0.564151 0.56
365 -1.835906 -2.399075  0.563170 0.56
366 -1.835906 -2.398372  0.562466 0.56
367 -1.835914 -2.397915  0.562001 0.56
368 -1.835916 -2.397647  0.561731 0.56
369 -1.835916 -2.397535  0.561619 0.56
370 -1.835917 -2.397552  0.561635 0.56
371 -1.835917 -2.397679  0.561762 0.56
372 -1.835909 -2.397905  0.561997 0.56
373 -1.835899 -2.398248  0.562349 0.56
374 -1.835900 -2.398740  0.562841 0.56
375 -1.835902 -2.399406  0.563504 0.56
376 -1.835905 -2.400279  0.564374 0.56
377 -1.835900 -2.401386  0.565486 0.57
378 -1.835901 -2.402769  0.566868 0.57
379 -1.835908 -2.404443  0.568534 0.57
380 -1.835909 -2.406396  0.570487 0.57
381 -1.835911 -2.408618  0.572706 0.57
382 -1.835915 -2.411072  0.575157 0.58
383 -1.835913 -2.413700  0.577786 0.58
384 -1.835920 -2.416449  0.580528 0.58
385 -1.835923 -2.419232  0.583310 0.58
386 -1.835924 -2.421980  0.586056 0.59
387 -1.835928 -2.424622  0.588694 0.59
388 -1.835931 -2.427092  0.591161 0.59
389 -1.835928 -2.429331  0.593403 0.59
390 -1.835927 -2.431310  0.595383 0.60
391 -1.835935 -2.433012  0.597077 0.60
392 -1.835934 -2.434410  0.598476 0.60
393 -1.835938 -2.435522  0.599584 0.60
394 -1.835933 -2.436353  0.600420 0.60
395 -1.835933 -2.436943  0.601010 0.60
396 -1.835928 -2.437318  0.601390 0.60
397 -1.835922 -2.437523  0.601601 0.60
398 -1.835917 -2.437605  0.601688 0.60
399 -1.835914 -2.437613  0.601699 0.60
400 -1.835911 -2.437591  0.601681 0.60
401 -1.835901 -2.437579  0.601678 0.60
402 -1.835896 -2.437631  0.601735 0.60
403 -1.835891 -2.437778  0.601886 0.60
404 -1.835890 -2.438053  0.602163 0.60
405 -1.835884 -2.438472  0.602588 0.60
406 -1.835884 -2.439057  0.603172 0.60
407 -1.835885 -2.439806  0.603921 0.60
408 -1.835884 -2.440709  0.604825 0.60
409 -1.835886 -2.441754  0.605868 0.61
410 -1.835883 -2.442908  0.607025 0.61
411 -1.835883 -2.444145  0.608262 0.61
412 -1.835883 -2.445426  0.609543 0.61
413 -1.835888 -2.446715  0.610827 0.61
414 -1.835896 -2.447971  0.612075 0.61
415 -1.835898 -2.449149  0.613252 0.61
416 -1.835899 -2.450226  0.614327 0.61
417 -1.835905 -2.451183  0.615278 0.62
418 -1.835900 -2.451991  0.616091 0.62
419 -1.835902 -2.452663  0.616761 0.62
420 -1.835904 -2.453194  0.617290 0.62
421 -1.835903 -2.453589  0.617687 0.62
422 -1.835904 -2.453867  0.617963 0.62
423 -1.835908 -2.454042  0.618134 0.62
424 -1.835907 -2.454120  0.618213 0.62
425 -1.835908 -2.454119  0.618211 0.62
426 -1.835903 -2.454037  0.618135 0.62
427 -1.835887 -2.453877  0.617990 0.62
428 -1.835889 -2.453666  0.617776 0.62
429 -1.835887 -2.453381  0.617494 0.62
430 -1.835884 -2.453024  0.617140 0.62
431 -1.835884 -2.452598  0.616714 0.62
432 -1.835886 -2.452098  0.616211 0.62
433 -1.835887 -2.451517  0.615631 0.62
434 -1.835884 -2.450851  0.614967 0.61
435 -1.835875 -2.450088  0.614213 0.61
436 -1.835873 -2.449231  0.613358 0.61
437 -1.835877 -2.448263  0.612386 0.61
438 -1.835883 -2.447162  0.611279 0.61
439 -1.835887 -2.445902  0.610015 0.61
440 -1.835888 -2.444464  0.608576 0.61
441 -1.835886 -2.442830  0.606943 0.61
442 -1.835894 -2.441002  0.605108 0.61
443 -1.835891 -2.438959  0.603068 0.60
444 -1.835890 -2.436724  0.600834 0.60
445 -1.835886 -2.434312  0.598427 0.60
446 -1.835888 -2.431768  0.595880 0.60
447 -1.835885 -2.429123  0.593238 0.59
448 -1.835879 -2.426434  0.590555 0.59
449 -1.835873 -2.423763  0.587891 0.59
450 -1.835866 -2.421178  0.585312 0.59
451 -1.835862 -2.418751  0.582889 0.58
452 -1.835856 -2.416547  0.580691 0.58
453 -1.835855 -2.414646  0.578791 0.58
454 -1.835851 -2.413107  0.577256 0.58
455 -1.835843 -2.411996  0.576153 0.58
456 -1.835840 -2.411384  0.575544 0.58
457 -1.835835 -2.411318  0.575483 0.58
458 -1.835835 -2.411853  0.576018 0.58
459 -1.835837 -2.413019  0.577182 0.58
460 -1.835839 -2.414834  0.578995 0.58
461 -1.835838 -2.417294  0.581456 0.58
462 -1.835839 -2.420383  0.584545 0.58
463 -1.835838 -2.424052  0.588214 0.59
464 -1.835839 -2.428234  0.592396 0.59
465 -1.835845 -2.432841  0.596996 0.60
466 -1.835848 -2.437751  0.601903 0.60
467 -1.835856 -2.442846  0.606990 0.61
468 -1.835864 -2.447988  0.612123 0.61
469 -1.835872 -2.453040  0.617167 0.62
470 -1.835879 -2.457872  0.621993 0.62
471 -1.835880 -2.462360  0.626480 0.63
472 -1.835887 -2.466414  0.630527 0.63
473 -1.835891 -2.469938  0.634047 0.63
474 -1.835893 -2.472869  0.636977 0.64
475 -1.835886 -2.475156  0.639270 0.64
476 -1.835893 -2.476794  0.640900 0.64
477 -1.835892 -2.477753  0.641860 0.64
478 -1.835893 -2.478050  0.642157 0.64
479 -1.835888 -2.477700  0.641812 0.64
480 -1.835882 -2.476742  0.640860 0.64
481 -1.835878 -2.475224  0.639345 0.64
482 -1.835874 -2.473198  0.637324 0.64
483 -1.835872 -2.470731  0.634859 0.63
484 -1.835868 -2.467886  0.632018 0.63
485 -1.835866 -2.464740  0.628874 0.63
486 -1.835866 -2.461364  0.625498 0.63
487 -1.835860 -2.457819  0.621959 0.62
488 -1.835854 -2.454174  0.618320 0.62
489 -1.835852 -2.450484  0.614632 0.61
490 -1.835851 -2.446783  0.610932 0.61
491 -1.835846 -2.443092  0.607246 0.61
492 -1.835847 -2.439426  0.603579 0.60
493 -1.835844 -2.435770  0.599926 0.60
494 -1.835846 -2.432114  0.596268 0.60
495 -1.835849 -2.428425  0.592576 0.59
496 -1.835849 -2.424668  0.588818 0.59
497 -1.835850 -2.420812  0.584962 0.58
498 -1.835854 -2.416836  0.580982 0.58
499 -1.835858 -2.412717  0.576859 0.58
500 -1.835860 -2.408452  0.572592 0.57
501 -1.835862 -2.404055  0.568194 0.57
502 -1.835852 -2.399548  0.563697 0.56
503 -1.835845 -2.394999  0.559154 0.56
504 -1.835840 -2.390477  0.554637 0.55
505 -1.835837 -2.386072  0.550235 0.55
506 -1.835830 -2.381884  0.546054 0.55
507 -1.835825 -2.378034  0.542209 0.54
508 -1.835820 -2.374643  0.538823 0.54
509 -1.835816 -2.371833  0.536017 0.54
510 -1.835804 -2.369714  0.533910 0.53
511 -1.835796 -2.368401  0.532605 0.53
512 -1.835798 -2.367987  0.532189 0.53
513 -1.835798 -2.368521  0.532723 0.53
514 -1.835793 -2.370029  0.534236 0.53
515 -1.835794 -2.372518  0.536724 0.54
516 -1.835799 -2.375944  0.540145 0.54
517 -1.835806 -2.380225  0.544419 0.54
518 -1.835813 -2.385241  0.549427 0.55
519 -1.835825 -2.390844  0.555019 0.56
520 -1.835838 -2.396850  0.561012 0.56
521 -1.835850 -2.403054  0.567204 0.57
522 -1.835869 -2.409251  0.573382 0.57
523 -1.835883 -2.415210  0.579327 0.58
524 -1.835888 -2.420721  0.584834 0.58
525 -1.835895 -2.425612  0.589717 0.59
526 -1.835900 -2.429727  0.593827 0.59
527 -1.835903 -2.432970  0.597066 0.60
528 -1.835902 -2.435296  0.599394 0.60
529 -1.835901 -2.436741  0.600839 0.60
530 -1.835896 -2.437400  0.601504 0.60
531 -1.835874 -2.437430  0.601556 0.60
532 -1.835860 -2.437078  0.601218 0.60
533 -1.835849 -2.436590  0.600741 0.60
534 -1.835842 -2.436217  0.600376 0.60
535 -1.835837 -2.436172  0.600335 0.60
536 -1.835832 -2.436601  0.600769 0.60
537 -1.835830 -2.437571  0.601741 0.60
538 -1.835836 -2.439065  0.603229 0.60
539 -1.835847 -2.440984  0.605137 0.61
540 -1.835852 -2.443169  0.607317 0.61
541 -1.835861 -2.445464  0.609603 0.61
542 -1.835871 -2.447705  0.611834 0.61
543 -1.835873 -2.449754  0.613881 0.61
544 -1.835874 -2.451530  0.615656 0.62
545 -1.835875 -2.452989  0.617114 0.62
546 -1.835885 -2.454136  0.618251 0.62
547 -1.835875 -2.454972  0.619096 0.62
548 -1.835876 -2.455575  0.619699 0.62
549 -1.835871 -2.455989  0.620118 0.62
550 -1.835867 -2.456275  0.620409 0.62
551 -1.835864 -2.456483  0.620618 0.62
552 -1.835860 -2.456640  0.620780 0.62
553 -1.835857 -2.456763  0.620905 0.62
554 -1.835858 -2.456850  0.620992 0.62
555 -1.835860 -2.456880  0.621019 0.62
556 -1.835857 -2.456813  0.620956 0.62
557 -1.835860 -2.456622  0.620762 0.62
558 -1.835860 -2.456257  0.620397 0.62
559 -1.835867 -2.455689  0.619822 0.62
560 -1.835873 -2.454878  0.619005 0.62
561 -1.835867 -2.453788  0.617921 0.62
562 -1.835867 -2.452426  0.616560 0.62
563 -1.835863 -2.450784  0.614921 0.61
564 -1.835859 -2.448875  0.613016 0.61
565 -1.835862 -2.446734  0.610872 0.61
566 -1.835865 -2.444388  0.608524 0.61
567 -1.835864 -2.441881  0.606017 0.61
568 -1.835861 -2.439264  0.603403 0.60
569 -1.835858 -2.436596  0.600739 0.60
570 -1.835865 -2.433944  0.598079 0.60
571 -1.835863 -2.431337  0.595474 0.60
572 -1.835861 -2.428830  0.592969 0.59
573 -1.835866 -2.426460  0.590595 0.59
574 -1.835859 -2.424225  0.588367 0.59
575 -1.835860 -2.422145  0.586285 0.59
576 -1.835866 -2.420195  0.584329 0.58
577 -1.835875 -2.418341  0.582467 0.58
578 -1.835890 -2.416537  0.580647 0.58
579 -1.835905 -2.414717  0.578812 0.58
580 -1.835912 -2.412810  0.576898 0.58
581 -1.835922 -2.410762  0.574840 0.57
582 -1.835929 -2.408508  0.572579 0.57
583 -1.835929 -2.405994  0.570065 0.57
584 -1.835931 -2.403192  0.567261 0.57
585 -1.835932 -2.400080  0.564147 0.56
586 -1.835932 -2.396655  0.560723 0.56
587 -1.835930 -2.392939  0.557009 0.56
588 -1.835927 -2.388974  0.553047 0.55
589 -1.835920 -2.384821  0.548902 0.55
590 -1.835916 -2.380577  0.544661 0.54
591 -1.835914 -2.376345  0.540431 0.54
592 -1.835908 -2.372244  0.536335 0.54
593 -1.835900 -2.368407  0.532507 0.53
594 -1.835889 -2.364974  0.529085 0.53
595 -1.835885 -2.362086  0.526201 0.53
596 -1.835876 -2.359852  0.523976 0.52
597 -1.835872 -2.358376  0.522504 0.52
598 -1.835868 -2.357718  0.521850 0.52
599 -1.835868 -2.357909  0.522041 0.52
600 -1.835877 -2.358941  0.523065 0.52
601 -1.835887 -2.360760  0.524873 0.52
602 -1.835893 -2.363280  0.527387 0.53
603 -1.835902 -2.366406  0.530504 0.53
604 -1.835915 -2.370023  0.534108 0.53
605 -1.835921 -2.374003  0.538082 0.54
606 -1.835929 -2.378242  0.542312 0.54
607 -1.835934 -2.382633  0.546699 0.55
608 -1.835939 -2.387096  0.551156 0.55
609 -1.835942 -2.391556  0.555614 0.56
610 -1.835940 -2.395958  0.560018 0.56
611 -1.835939 -2.400263  0.564324 0.56
612 -1.835937 -2.404436  0.568500 0.57
613 -1.835940 -2.408455  0.572515 0.57
614 -1.835946 -2.412291  0.576345 0.58
615 -1.835949 -2.415914  0.579966 0.58
616 -1.835949 -2.419303  0.583354 0.58
617 -1.835947 -2.422433  0.586487 0.59
618 -1.835950 -2.425295  0.589345 0.59
619 -1.835947 -2.427860  0.591913 0.59
620 -1.835952 -2.430132  0.594180 0.59
621 -1.835944 -2.432083  0.596139 0.60
622 -1.835937 -2.433729  0.597792 0.60
623 -1.835936 -2.435081  0.599145 0.60
624 -1.835937 -2.436149  0.600211 0.60
625 -1.835936 -2.436943  0.601007 0.60
626 -1.835929 -2.437481  0.601552 0.60
627 -1.835927 -2.437795  0.601867 0.60
628 -1.835928 -2.437902  0.601974 0.60
629 -1.835927 -2.437820  0.601893 0.60
630 -1.835928 -2.437570  0.601641 0.60
631 -1.835925 -2.437161  0.601236 0.60
632 -1.835924 -2.436615  0.600691 0.60
633 -1.835923 -2.435942  0.600019 0.60
634 -1.835928 -2.435157  0.599230 0.60
635 -1.835929 -2.434265  0.598335 0.60
636 -1.835931 -2.433278  0.597347 0.60
637 -1.835933 -2.432210  0.596277 0.60
638 -1.835935 -2.431073  0.595138 0.60
639 -1.835934 -2.429881  0.593947 0.59
640 -1.835925 -2.428643  0.592718 0.59
641 -1.835930 -2.427398  0.591469 0.59
642 -1.835929 -2.426144  0.590215 0.59
643 -1.835936 -2.424909  0.588973 0.59
644 -1.835938 -2.423693  0.587755 0.59
645 -1.835935 -2.422507  0.586572 0.59
646 -1.835938 -2.421367  0.585429 0.59
647 -1.835944 -2.420270  0.584326 0.58
648 -1.835942 -2.419201  0.583259 0.58
649 -1.835949 -2.418163  0.582214 0.58
650 -1.835956 -2.417131  0.581176 0.58
651 -1.835960 -2.416081  0.580121 0.58
652 -1.835957 -2.414981  0.579024 0.58
653 -1.835972 -2.413830  0.577859 0.58
654 -1.835973 -2.412574  0.576600 0.58
655 -1.835974 -2.411202  0.575228 0.58
656 -1.835980 -2.409707  0.573727 0.57
657 -1.835980 -2.408072  0.572092 0.57
658 -1.835982 -2.406308  0.570326 0.57
659 -1.835975 -2.404421  0.568446 0.57
660 -1.835965 -2.402442  0.566477 0.57
661 -1.835954 -2.400411  0.564457 0.56
662 -1.835949 -2.398378  0.562430 0.56
663 -1.835945 -2.396394  0.560449 0.56
664 -1.835938 -2.394509  0.558571 0.56
665 -1.835937 -2.392791  0.556853 0.56
666 -1.835929 -2.391283  0.555355 0.56
667 -1.835928 -2.390056  0.554128 0.55
668 -1.835923 -2.389144  0.553221 0.55
669 -1.835916 -2.388588  0.552673 0.55
670 -1.835922 -2.388434  0.552512 0.55
671 -1.835916 -2.388676  0.552759 0.55
672 -1.835916 -2.389338  0.553422 0.55
673 -1.835914 -2.390412  0.554498 0.55
674 -1.835913 -2.391887  0.555974 0.56
675 -1.835912 -2.393740  0.557827 0.56
676 -1.835919 -2.395947  0.560028 0.56
677 -1.835925 -2.398462  0.562537 0.56
678 -1.835933 -2.401243  0.565310 0.57
679 -1.835941 -2.404238  0.568297 0.57
680 -1.835939 -2.407384  0.571445 0.57
681 -1.835940 -2.410635  0.574695 0.57
682 -1.835954 -2.413943  0.577989 0.58
683 -1.835955 -2.417222  0.581267 0.58
684 -1.835958 -2.420427  0.584469 0.58
685 -1.835964 -2.423500  0.587536 0.59
686 -1.835965 -2.426376  0.590411 0.59
687 -1.835970 -2.429010  0.593039 0.59
688 -1.835976 -2.431346  0.595370 0.60
689 -1.835976 -2.433332  0.597356 0.60
690 -1.835981 -2.434937  0.598957 0.60
691 -1.835985 -2.436120  0.600135 0.60
692 -1.835987 -2.436848  0.600861 0.60
693 -1.835991 -2.437103  0.601112 0.60
694 -1.835994 -2.436867  0.600874 0.60
695 -1.835994 -2.436133  0.600139 0.60
696 -1.835994 -2.434905  0.598911 0.60
697 -1.835998 -2.433200  0.597202 0.60
698 -1.835999 -2.431033  0.595034 0.60
699 -1.835996 -2.428437  0.592441 0.59
700 -1.835999 -2.425462  0.589463 0.59
701 -1.835998 -2.422153  0.586156 0.59
702 -1.835999 -2.418578  0.582579 0.58
703 -1.835989 -2.414794  0.578805 0.58
704 -1.835980 -2.410889  0.574910 0.57
705 -1.835977 -2.406954  0.570977 0.57
706 -1.835972 -2.403066  0.567094 0.57
707 -1.835964 -2.399315  0.563350 0.56
708 -1.835959 -2.395794  0.559835 0.56
709 -1.835954 -2.392591  0.556636 0.56
710 -1.835950 -2.389787  0.553838 0.55
711 -1.835948 -2.387467  0.551519 0.55
712 -1.835942 -2.385693  0.549752 0.55
713 -1.835941 -2.384543  0.548602 0.55
714 -1.835941 -2.384066  0.548125 0.55
715 -1.835939 -2.384307  0.548368 0.55
716 -1.835935 -2.385303  0.549368 0.55
717 -1.835934 -2.387083  0.551148 0.55
718 -1.835932 -2.389654  0.553722 0.55
719 -1.835930 -2.393016  0.557086 0.56
720 -1.835924 -2.397150  0.561225 0.56
721 -1.835927 -2.402034  0.566107 0.57
722 -1.835929 -2.407611  0.571682 0.57
723 -1.835931 -2.413817  0.577886 0.58
724 -1.835934 -2.420571  0.584637 0.58
725 -1.835948 -2.427791  0.591842 0.59
726 -1.835952 -2.435347  0.599395 0.60
727 -1.835960 -2.443139  0.607179 0.61
728 -1.835964 -2.451039  0.615075 0.62
729 -1.835967 -2.458926  0.622959 0.62
730 -1.835973 -2.466686  0.630712 0.63
731 -1.835980 -2.474197  0.638217 0.64
732 -1.835978 -2.481343  0.645365 0.65
733 -1.835978 -2.488033  0.652055 0.65
734 -1.835980 -2.494180  0.658200 0.66
735 -1.835986 -2.499708  0.663722 0.66
736 -1.835994 -2.504552  0.668558 0.67
737 -1.835991 -2.508646  0.672654 0.67
738 -1.835985 -2.511959  0.675974 0.68
739 -1.835988 -2.514478  0.678489 0.68
740 -1.835981 -2.516168  0.680188 0.68
741 -1.835980 -2.517047  0.681067 0.68
742 -1.835981 -2.517118  0.681137 0.68
743 -1.835982 -2.516401  0.680420 0.68
744 -1.835982 -2.514929  0.678947 0.68
745 -1.835979 -2.512740  0.676760 0.68
746 -1.835971 -2.509881  0.673910 0.67
747 -1.835960 -2.506411  0.670452 0.67
748 -1.835961 -2.502408  0.666446 0.67
749 -1.835958 -2.497915  0.661957 0.66
750 -1.835955 -2.493003  0.657048 0.66
751 -1.835949 -2.487730  0.651781 0.65
752 -1.835946 -2.482162  0.646216 0.65
753 -1.835941 -2.476351  0.640410 0.64
754 -1.835933 -2.470350  0.634417 0.63
755 -1.835936 -2.464226  0.628290 0.63
756 -1.835931 -2.458010  0.622079 0.62
757 -1.835923 -2.451760  0.615838 0.62
758 -1.835925 -2.445544  0.609619 0.61
759 -1.835922 -2.439400  0.603479 0.60
760 -1.835921 -2.433397  0.597476 0.60
761 -1.835923 -2.427592  0.591669 0.59
762 -1.835914 -2.422034  0.586119 0.59
763 -1.835911 -2.416795  0.580883 0.58
764 -1.835904 -2.411917  0.576013 0.58
765 -1.835897 -2.407451  0.571555 0.57
766 -1.835898 -2.403441  0.567543 0.57
767 -1.835890 -2.399892  0.564002 0.56
768 -1.835885 -2.396826  0.560941 0.56
769 -1.835884 -2.394238  0.558354 0.56
770 -1.835884 -2.392104  0.556220 0.56
771 -1.835893 -2.390396  0.554503 0.55
772 -1.835900 -2.389053  0.553153 0.55
773 -1.835905 -2.388011  0.552107 0.55
774 -1.835910 -2.387201  0.551291 0.55
775 -1.835919 -2.386543  0.550624 0.55
776 -1.835922 -2.385945  0.550023 0.55
777 -1.835917 -2.385318  0.549400 0.55
778 -1.835923 -2.384597  0.548675 0.55
779 -1.835927 -2.383697  0.547770 0.55
780 -1.835934 -2.382556  0.546623 0.55
781 -1.835936 -2.381119  0.545182 0.55
782 -1.835935 -2.379353  0.543418 0.54
783 -1.835932 -2.377253  0.541321 0.54
784 -1.835936 -2.374842  0.538906 0.54
785 -1.835927 -2.372143  0.536216 0.54
786 -1.835926 -2.369250  0.533324 0.53
787 -1.835918 -2.366251  0.530333 0.53
788 -1.835901 -2.363277  0.527376 0.53
789 -1.835892 -2.360507  0.524615 0.52
790 -1.835880 -2.358111  0.522231 0.52
791 -1.835868 -2.356289  0.520421 0.52
792 -1.835859 -2.355234  0.519375 0.52
793 -1.835848 -2.355109  0.519261 0.52
794 -1.835841 -2.356047  0.520206 0.52
795 -1.835844 -2.358121  0.522277 0.52
796 -1.835841 -2.361307  0.525467 0.53
797 -1.835850 -2.365543  0.529694 0.53
798 -1.835854 -2.370663  0.534809 0.53
799 -1.835879 -2.376490  0.540612 0.54
800 -1.835892 -2.382767  0.546874 0.55
801 -1.835900 -2.389264  0.553364 0.55
802 -1.835905 -2.395770  0.559864 0.56
803 -1.835910 -2.402100  0.566189 0.57
804 -1.835920 -2.408114  0.572193 0.57
805 -1.835917 -2.413690  0.577772 0.58
806 -1.835917 -2.418779  0.582862 0.58
807 -1.835910 -2.423344  0.587434 0.59
808 -1.835905 -2.427392  0.591487 0.59
809 -1.835903 -2.430945  0.595042 0.60
810 -1.835909 -2.434044  0.598135 0.60
811 -1.835904 -2.436714  0.600810 0.60
812 -1.835895 -2.439013  0.603118 0.60
813 -1.835891 -2.441001  0.605110 0.61
814 -1.835879 -2.442714  0.606835 0.61
815 -1.835876 -2.444212  0.608337 0.61
816 -1.835873 -2.445526  0.609653 0.61
817 -1.835871 -2.446687  0.610817 0.61
818 -1.835869 -2.447719  0.611850 0.61
819 -1.835860 -2.448631  0.612771 0.61
820 -1.835854 -2.449442  0.613588 0.61
821 -1.835856 -2.450163  0.614307 0.61
822 -1.835854 -2.450780  0.614926 0.61
823 -1.835854 -2.451297  0.615443 0.62
824 -1.835856 -2.451709  0.615853 0.62
825 -1.835859 -2.452010  0.616151 0.62
826 -1.835853 -2.452186  0.616333 0.62
827 -1.835863 -2.452259  0.616395 0.62
828 -1.835855 -2.452195  0.616340 0.62
829 -1.835862 -2.452032  0.616170 0.62
830 -1.835864 -2.451757  0.615893 0.62
831 -1.835871 -2.451393  0.615523 0.62
832 -1.835869 -2.450944  0.615075 0.62
833 -1.835862 -2.450436  0.614574 0.61
834 -1.835860 -2.449906  0.614046 0.61
835 -1.835862 -2.449389  0.613526 0.61
836 -1.835857 -2.448911  0.613054 0.61
837 -1.835856 -2.448530  0.612673 0.61
838 -1.835848 -2.448281  0.612433 0.61
839 -1.835847 -2.448231  0.612384 0.61
840 -1.835847 -2.448425  0.612578 0.61
841 -1.835844 -2.448907  0.613063 0.61
842 -1.835849 -2.449732  0.613882 0.61
843 -1.835853 -2.450921  0.615068 0.62
844 -1.835853 -2.452493  0.616640 0.62
845 -1.835851 -2.454453  0.618603 0.62
846 -1.835858 -2.456800  0.620942 0.62
847 -1.835864 -2.459492  0.623628 0.62
848 -1.835868 -2.462480  0.626613 0.63
849 -1.835870 -2.465703  0.629834 0.63
850 -1.835880 -2.469097  0.633217 0.63
851 -1.835883 -2.472565  0.636682 0.64
852 -1.835891 -2.476034  0.640144 0.64
853 -1.835891 -2.479409  0.643518 0.64
854 -1.835893 -2.482616  0.646723 0.65
855 -1.835893 -2.485577  0.649684 0.65
856 -1.835894 -2.488226  0.652332 0.65
857 -1.835908 -2.490513  0.654606 0.65
858 -1.835910 -2.492363  0.656453 0.66
859 -1.835913 -2.493742  0.657829 0.66
860 -1.835915 -2.494614  0.658699 0.66
861 -1.835919 -2.494951  0.659033 0.66
862 -1.835917 -2.494728  0.658811 0.66
863 -1.835908 -2.493929  0.658021 0.66
864 -1.835915 -2.492577  0.656662 0.66
865 -1.835917 -2.490657  0.654740 0.65
866 -1.835913 -2.488185  0.652272 0.65
867 -1.835911 -2.485200  0.649289 0.65
868 -1.835913 -2.481744  0.645831 0.65
869 -1.835906 -2.477857  0.641951 0.64
870 -1.835905 -2.473617  0.637712 0.64
871 -1.835897 -2.469085  0.633188 0.63
872 -1.835900 -2.464360  0.628460 0.63
873 -1.835892 -2.459507  0.623615 0.62
874 -1.835889 -2.454631  0.618742 0.62
875 -1.835879 -2.449806  0.613927 0.61
876 -1.835875 -2.445129  0.609254 0.61
877 -1.835876 -2.440675  0.604799 0.60
878 -1.835873 -2.436501  0.600628 0.60
879 -1.835871 -2.432666  0.596795 0.60
880 -1.835869 -2.429211  0.593342 0.59
881 -1.835866 -2.426163  0.590297 0.59
882 -1.835871 -2.423549  0.587677 0.59
883 -1.835867 -2.421356  0.585489 0.59
884 -1.835863 -2.419590  0.583727 0.58
885 -1.835867 -2.418248  0.582381 0.58
886 -1.835872 -2.417304  0.581432 0.58
887 -1.835879 -2.416734  0.580855 0.58
888 -1.835887 -2.416510  0.580623 0.58
889 -1.835892 -2.416594  0.580702 0.58
890 -1.835898 -2.416952  0.581054 0.58
891 -1.835901 -2.417540  0.581639 0.58
892 -1.835905 -2.418317  0.582412 0.58
893 -1.835914 -2.419237  0.583323 0.58
894 -1.835920 -2.420240  0.584320 0.58
895 -1.835922 -2.421270  0.585348 0.59
896 -1.835931 -2.422281  0.586350 0.59
897 -1.835927 -2.423197  0.587270 0.59
898 -1.835926 -2.423977  0.588051 0.59
899 -1.835927 -2.424567  0.588640 0.59
900 -1.835928 -2.424915  0.588987 0.59
901 -1.835936 -2.424987  0.589050 0.59
902 -1.835936 -2.424729  0.588793 0.59
903 -1.835938 -2.424126  0.588188 0.59
904 -1.835931 -2.423153  0.587222 0.59
905 -1.835928 -2.421819  0.585891 0.59
906 -1.835924 -2.420134  0.584210 0.58
907 -1.835912 -2.418120  0.582209 0.58
908 -1.835908 -2.415842  0.579934 0.58
909 -1.835908 -2.413361  0.577452 0.58
910 -1.835905 -2.410748  0.574843 0.57
911 -1.835910 -2.408106  0.572197 0.57
912 -1.835904 -2.405516  0.569612 0.57
913 -1.835898 -2.403086  0.567188 0.57
914 -1.835898 -2.400915  0.565017 0.57
915 -1.835895 -2.399072  0.563177 0.56
916 -1.835885 -2.397614  0.561729 0.56
917 -1.835887 -2.396597  0.560710 0.56
918 -1.835890 -2.396025  0.560135 0.56
919 -1.835892 -2.395882  0.559990 0.56
920 -1.835891 -2.396133  0.560243 0.56
921 -1.835892 -2.396733  0.560841 0.56
922 -1.835897 -2.397616  0.561719 0.56
923 -1.835899 -2.398702  0.562803 0.56
924 -1.835901 -2.399918  0.564016 0.56
925 -1.835903 -2.401187  0.565283 0.57
926 -1.835912 -2.402446  0.566534 0.57
927 -1.835921 -2.403623  0.567703 0.57
928 -1.835926 -2.404660  0.568734 0.57
929 -1.835928 -2.405508  0.569580 0.57
930 -1.835930 -2.406131  0.570201 0.57
931 -1.835936 -2.406503  0.570567 0.57
932 -1.835935 -2.406589  0.570654 0.57
933 -1.835932 -2.406382  0.570450 0.57
934 -1.835927 -2.405876  0.569949 0.57
935 -1.835926 -2.405085  0.569159 0.57
936 -1.835926 -2.404025  0.568099 0.57
937 -1.835928 -2.402729  0.566801 0.57
938 -1.835924 -2.401236  0.565312 0.57
939 -1.835919 -2.399613  0.563694 0.56
940 -1.835914 -2.397936  0.562022 0.56
941 -1.835910 -2.396291  0.560380 0.56
942 -1.835899 -2.394759  0.558860 0.56
943 -1.835896 -2.393447  0.557551 0.56
944 -1.835897 -2.392433  0.556536 0.56
945 -1.835896 -2.391781  0.555884 0.56
946 -1.835889 -2.391532  0.555643 0.56
947 -1.835889 -2.391724  0.555834 0.56
948 -1.835878 -2.392335  0.556457 0.56
949 -1.835874 -2.393356  0.557482 0.56
950 -1.835883 -2.394744  0.558861 0.56
951 -1.835892 -2.396423  0.560531 0.56
952 -1.835894 -2.398312  0.562418 0.56
953 -1.835896 -2.400345  0.564449 0.56
954 -1.835897 -2.402451  0.566554 0.57
955 -1.835905 -2.404576  0.568671 0.57
956 -1.835910 -2.406656  0.570746 0.57
957 -1.835917 -2.408654  0.572737 0.57
958 -1.835915 -2.410526  0.574610 0.57
959 -1.835919 -2.412257  0.576338 0.58
960 -1.835930 -2.413828  0.577897 0.58
961 -1.835937 -2.415202  0.579265 0.58
962 -1.835946 -2.416364  0.580417 0.58
963 -1.835946 -2.417273  0.581327 0.58
964 -1.835949 -2.417909  0.581960 0.58
965 -1.835952 -2.418231  0.582279 0.58
966 -1.835961 -2.418200  0.582239 0.58
967 -1.835968 -2.417760  0.581792 0.58
968 -1.835969 -2.416859  0.580890 0.58
969 -1.835973 -2.415456  0.579483 0.58
970 -1.835976 -2.413507  0.577531 0.58
971 -1.835983 -2.410988  0.575004 0.58
972 -1.835981 -2.407875  0.571893 0.57
973 -1.835983 -2.404196  0.568213 0.57
974 -1.835984 -2.399994  0.564010 0.56
975 -1.835978 -2.395345  0.559367 0.56
976 -1.835964 -2.390369  0.554405 0.55
977 -1.835948 -2.385226  0.549278 0.55
978 -1.835936 -2.380108  0.544172 0.54
979 -1.835926 -2.375216  0.539289 0.54
980 -1.835920 -2.370753  0.534833 0.53
981 -1.835911 -2.366902  0.530992 0.53
982 -1.835905 -2.363822  0.527917 0.53
983 -1.835900 -2.361614  0.525714 0.53
984 -1.835903 -2.360332  0.524429 0.52
985 -1.835911 -2.359957  0.524046 0.52
986 -1.835911 -2.360408  0.524497 0.52
987 -1.835923 -2.361588  0.525666 0.53
988 -1.835928 -2.363334  0.527406 0.53
989 -1.835936 -2.365490  0.529554 0.53
990 -1.835942 -2.367889  0.531947 0.53
991 -1.835953 -2.370385  0.534432 0.53
992 -1.835966 -2.372845  0.536879 0.54
993 -1.835964 -2.375152  0.539188 0.54
994 -1.835968 -2.377261  0.541294 0.54
995 -1.835969 -2.379136  0.543167 0.54
996 -1.835962 -2.380778  0.544816 0.54
997 -1.835954 -2.382235  0.546281 0.55
998 -1.835942 -2.383575  0.547633 0.55
999 -1.835936 -2.384901  0.548965 0.55
